- les dimensions sont en dm et en degres
o lingot
n 0 0 3.47 0 90 0
n 10.65 0 -2.15 0 5 0
n -10.65 0 -2.15 0 -5 0
- sur le totem
n 4 1 0.9 0 90 0
n 4 1 -0.9 0 90 0
n -4 1 0.9 0 90 0
n -4 1 -0.9 0 90 0
o jeton_blanc
n 0 0 6.1 0 180 0
n 0 0 7.9 0 0 0
n -5 0 -5 0 -90 0
n 5 0 -5 0 90 0
n -10.05 0 7 0 -90 0
n 10.05 0 7 0 90 0
n -4 0 -2.5 0 180 0
n 4 0 -2.5 0 180 0
n -6.5 0 0 0 -90 0
n 6.5 0 0 0 90 0
n -5.75 0 1.75 0 -45 0
n 5.75 0 1.75 0 45 0
n -5.75 0 -1.75 0 -135 0
n 5.75 0 -1.75 0 135 0
n -2.25 0 1.75 0 45 0
n 2.25 0 1.75 0 -45 0
n -2.25 0 -1.75 0 135 0
n 2.25 0 -1.75 0 -135 0
n -4.75 1.65 0.75 0 -45 0
n 4.75 1.65 0.75 0 45 0
n -4.75 1.65 -0.75 0 -135 0
n 4.75 1.65 -0.75 0 135 0
n -3.25 1.65 0.75 0 45 0
n 3.25 1.65 0.75 0 -45 0
n -3.25 1.65 -0.75 0 135 0
n 3.25 1.65 -0.75 0 -135 0
- sur le totem etage bas
n -4.75 0.25 0.75 0 -45 0
n 4.75 0.25 0.75 0 45 0
n -4.75 0.25 -0.75 0 -135 0
n 4.75 0.25 -0.75 0 135 0
n -3.25 0.25 0.75 0 45 0
n 3.25 0.25 0.75 0 -45 0
o jeton_noir
n 0.9 0 7 0 90 0
n -0.9 0 7 0 -90 0
n -4 0 2.5 0 0 0
n 4 0 2.5 0 0 0
n -3.25 0.25 -0.75 0 135 0
n 3.25 0.25 -0.75 0 -135 0
e