1 2800 200 1 2
2 2800 300 2 1 3
3 2800 400 2 2 4
4 2800 500 2 3 5
5 2800 600 2 4 6
6 2800 700 2 5 7
7 2800 800 2 6 8
8 2800 900 3 7 9 14
9 2800 1000 3 8 10 15
10 2800 1100 3 9 11 16
11 2800 1200 3 10 12 17
12 2800 1300 2 11 18
13 2800 1800 1 19
14 2700 900 3 15 20 8
15 2700 1000 4 14 16 21 9
16 2700 1100 4 15 17 22 10
17 2700 1200 4 16 18 23 11
18 2700 1300 3 17 24 12
19 2700 1800 2 25 13
20 2600 900 3 21 26 14
21 2600 1000 4 20 22 27 15
22 2600 1100 4 21 23 28 16
23 2600 1200 4 22 24 29 17
24 2600 1300 3 23 30 18
25 2600 1800 2 31 19
26 2500 900 3 27 39 20
27 2500 1000 4 26 28 40 21
28 2500 1100 4 27 29 41 22
29 2500 1200 4 28 30 42 23
30 2500 1300 3 29 43 24
31 2500 1800 2 44 25
32 2400 200 2 33 45
33 2400 300 3 32 34 46
34 2400 400 3 33 35 47
35 2400 500 3 34 36 48
36 2400 600 3 35 37 49
37 2400 700 3 36 38 50
38 2400 800 3 37 39 51
39 2400 900 4 38 40 52 26
40 2400 1000 4 39 41 53 27
41 2400 1100 4 40 42 54 28
42 2400 1200 4 41 43 55 29
43 2400 1300 3 42 56 30
44 2400 1800 2 61 31
45 2300 200 3 46 62 32
46 2300 300 4 45 47 63 33
47 2300 400 4 46 48 64 34
48 2300 500 4 47 49 65 35
49 2300 600 4 48 50 66 36
50 2300 700 4 49 51 67 37
51 2300 800 4 50 52 68 38
52 2300 900 4 51 53 69 39
53 2300 1000 4 52 54 70 40
54 2300 1100 4 53 55 71 41
55 2300 1200 4 54 56 72 42
56 2300 1300 4 55 57 73 43
57 2300 1400 3 56 58 74
58 2300 1500 3 57 59 75
59 2300 1600 3 58 60 76
60 2300 1700 3 59 61 77
61 2300 1800 3 60 78 44
62 2200 200 3 63 79 45
63 2200 300 4 62 64 80 46
64 2200 400 4 63 65 81 47
65 2200 500 4 64 66 82 48
66 2200 600 4 65 67 83 49
67 2200 700 4 66 68 84 50
68 2200 800 3 67 69 51
69 2200 900 3 68 70 52
70 2200 1000 3 69 71 53
71 2200 1100 3 70 72 54
72 2200 1200 3 71 73 55
73 2200 1300 4 72 74 85 56
74 2200 1400 4 73 75 86 57
75 2200 1500 4 74 76 87 58
76 2200 1600 4 75 77 88 59
77 2200 1700 4 76 78 89 60
78 2200 1800 3 77 90 61
79 2100 200 3 80 91 62
80 2100 300 4 79 81 92 63
81 2100 400 4 80 82 93 64
82 2100 500 4 81 83 94 65
83 2100 600 4 82 84 95 66
84 2100 700 3 83 96 67
85 2100 1300 3 86 97 73
86 2100 1400 4 85 87 98 74
87 2100 1500 4 86 88 99 75
88 2100 1600 4 87 89 100 76
89 2100 1700 4 88 90 101 77
90 2100 1800 3 89 102 78
91 2000 200 3 92 103 79
92 2000 300 4 91 93 104 80
93 2000 400 4 92 94 105 81
94 2000 500 4 93 95 106 82
95 2000 600 4 94 96 107 83
96 2000 700 3 95 108 84
97 2000 1300 3 98 109 85
98 2000 1400 4 97 99 110 86
99 2000 1500 4 98 100 111 87
100 2000 1600 4 99 101 112 88
101 2000 1700 4 100 102 113 89
102 2000 1800 3 101 114 90
103 1900 200 3 104 115 91
104 1900 300 4 103 105 116 92
105 1900 400 4 104 106 117 93
106 1900 500 4 105 107 118 94
107 1900 600 4 106 108 119 95
108 1900 700 3 107 120 96
109 1900 1300 3 110 121 97
110 1900 1400 4 109 111 122 98
111 1900 1500 4 110 112 123 99
112 1900 1600 4 111 113 124 100
113 1900 1700 4 112 114 125 101
114 1900 1800 3 113 126 102
115 1800 200 3 116 127 103
116 1800 300 4 115 117 128 104
117 1800 400 4 116 118 129 105
118 1800 500 4 117 119 130 106
119 1800 600 4 118 120 131 107
120 1800 700 3 119 132 108
121 1800 1300 3 122 133 109
122 1800 1400 4 121 123 134 110
123 1800 1500 4 122 124 135 111
124 1800 1600 4 123 125 136 112
125 1800 1700 4 124 126 137 113
126 1800 1800 3 125 138 114
127 1700 200 3 128 139 115
128 1700 300 4 127 129 140 116
129 1700 400 4 128 130 141 117
130 1700 500 4 129 131 142 118
131 1700 600 4 130 132 143 119
132 1700 700 3 131 144 120
133 1700 1300 3 134 147 121
134 1700 1400 4 133 135 148 122
135 1700 1500 4 134 136 149 123
136 1700 1600 4 135 137 150 124
137 1700 1700 4 136 138 151 125
138 1700 1800 3 137 152 126
139 1600 200 3 140 153 127
140 1600 300 4 139 141 154 128
141 1600 400 4 140 142 155 129
142 1600 500 4 141 143 156 130
143 1600 600 4 142 144 157 131
144 1600 700 4 143 145 158 132
145 1600 800 2 144 159
146 1600 1200 2 147 160
147 1600 1300 4 146 148 161 133
148 1600 1400 4 147 149 162 134
149 1600 1500 4 148 150 163 135
150 1600 1600 4 149 151 164 136
151 1600 1700 4 150 152 165 137
152 1600 1800 3 151 166 138
153 1500 200 3 154 167 139
154 1500 300 4 153 155 168 140
155 1500 400 4 154 156 169 141
156 1500 500 4 155 157 170 142
157 1500 600 4 156 158 171 143
158 1500 700 4 157 159 172 144
159 1500 800 3 158 173 145
160 1500 1200 3 161 174 146
161 1500 1300 4 160 162 175 147
162 1500 1400 4 161 163 176 148
163 1500 1500 4 162 164 177 149
164 1500 1600 4 163 165 178 150
165 1500 1700 4 164 166 179 151
166 1500 1800 3 165 180 152
167 1400 200 3 168 181 153
168 1400 300 4 167 169 182 154
169 1400 400 4 168 170 183 155
170 1400 500 4 169 171 184 156
171 1400 600 4 170 172 185 157
172 1400 700 4 171 173 186 158
173 1400 800 2 172 159
174 1400 1200 2 175 160
175 1400 1300 4 174 176 187 161
176 1400 1400 4 175 177 188 162
177 1400 1500 4 176 178 189 163
178 1400 1600 4 177 179 190 164
179 1400 1700 4 178 180 191 165
180 1400 1800 3 179 192 166
181 1300 200 3 182 193 167
182 1300 300 4 181 183 194 168
183 1300 400 4 182 184 195 169
184 1300 500 4 183 185 196 170
185 1300 600 4 184 186 197 171
186 1300 700 3 185 198 172
187 1300 1300 3 188 199 175
188 1300 1400 4 187 189 200 176
189 1300 1500 4 188 190 201 177
190 1300 1600 4 189 191 202 178
191 1300 1700 4 190 192 203 179
192 1300 1800 3 191 204 180
193 1200 200 3 194 205 181
194 1200 300 4 193 195 206 182
195 1200 400 4 194 196 207 183
196 1200 500 4 195 197 208 184
197 1200 600 4 196 198 209 185
198 1200 700 3 197 210 186
199 1200 1300 3 200 211 187
200 1200 1400 4 199 201 212 188
201 1200 1500 4 200 202 213 189
202 1200 1600 4 201 203 214 190
203 1200 1700 4 202 204 215 191
204 1200 1800 3 203 216 192
205 1100 200 3 206 217 193
206 1100 300 4 205 207 218 194
207 1100 400 4 206 208 219 195
208 1100 500 4 207 209 220 196
209 1100 600 4 208 210 221 197
210 1100 700 3 209 222 198
211 1100 1300 3 212 223 199
212 1100 1400 4 211 213 224 200
213 1100 1500 4 212 214 225 201
214 1100 1600 4 213 215 226 202
215 1100 1700 4 214 216 227 203
216 1100 1800 3 215 228 204
217 1000 200 3 218 229 205
218 1000 300 4 217 219 230 206
219 1000 400 4 218 220 231 207
220 1000 500 4 219 221 232 208
221 1000 600 4 220 222 233 209
222 1000 700 3 221 234 210
223 1000 1300 3 224 235 211
224 1000 1400 4 223 225 236 212
225 1000 1500 4 224 226 237 213
226 1000 1600 4 225 227 238 214
227 1000 1700 4 226 228 239 215
228 1000 1800 3 227 240 216
229 900 200 3 230 241 217
230 900 300 4 229 231 242 218
231 900 400 4 230 232 243 219
232 900 500 4 231 233 244 220
233 900 600 4 232 234 245 221
234 900 700 3 233 246 222
235 900 1300 3 236 252 223
236 900 1400 4 235 237 253 224
237 900 1500 4 236 238 254 225
238 900 1600 4 237 239 255 226
239 900 1700 4 238 240 256 227
240 900 1800 3 239 257 228
241 800 200 3 242 258 229
242 800 300 4 241 243 259 230
243 800 400 4 242 244 260 231
244 800 500 4 243 245 261 232
245 800 600 4 244 246 262 233
246 800 700 4 245 247 263 234
247 800 800 3 246 248 264
248 800 900 3 247 249 265
249 800 1000 3 248 250 266
250 800 1100 3 249 251 267
251 800 1200 3 250 252 268
252 800 1300 4 251 253 269 235
253 800 1400 4 252 254 270 236
254 800 1500 4 253 255 271 237
255 800 1600 4 254 256 272 238
256 800 1700 4 255 257 273 239
257 800 1800 3 256 274 240
258 700 200 3 259 275 241
259 700 300 4 258 260 276 242
260 700 400 4 259 261 277 243
261 700 500 4 260 262 278 244
262 700 600 4 261 263 279 245
263 700 700 4 262 264 280 246
264 700 800 4 263 265 281 247
265 700 900 4 264 266 282 248
266 700 1000 4 265 267 283 249
267 700 1100 4 266 268 284 250
268 700 1200 4 267 269 285 251
269 700 1300 4 268 270 286 252
270 700 1400 3 269 271 253
271 700 1500 3 270 272 254
272 700 1600 3 271 273 255
273 700 1700 3 272 274 256
274 700 1800 3 273 287 257
275 600 200 2 276 258
276 600 300 3 275 277 259
277 600 400 3 276 278 260
278 600 500 3 277 279 261
279 600 600 3 278 280 262
280 600 700 3 279 281 263
281 600 800 3 280 282 264
282 600 900 4 281 283 288 265
283 600 1000 4 282 284 289 266
284 600 1100 4 283 285 290 267
285 600 1200 4 284 286 291 268
286 600 1300 3 285 292 269
287 600 1800 2 293 274
288 500 900 3 289 294 282
289 500 1000 4 288 290 295 283
290 500 1100 4 289 291 296 284
291 500 1200 4 290 292 297 285
292 500 1300 3 291 298 286
293 500 1800 2 299 287
294 400 900 3 295 300 288
295 400 1000 4 294 296 301 289
296 400 1100 4 295 297 302 290
297 400 1200 4 296 298 303 291
298 400 1300 3 297 304 292
299 400 1800 2 305 293
300 300 900 3 301 313 294
301 300 1000 4 300 302 314 295
302 300 1100 4 301 303 315 296
303 300 1200 4 302 304 316 297
304 300 1300 3 303 317 298
305 300 1800 2 318 299
306 200 200 1 307
307 200 300 2 306 308
308 200 400 2 307 309
309 200 500 2 308 310
310 200 600 2 309 311
311 200 700 2 310 312
312 200 800 2 311 313
313 200 900 3 312 314 300
314 200 1000 3 313 315 301
315 200 1100 3 314 316 302
316 200 1200 3 315 317 303
317 200 1300 2 316 304
318 200 1800 1 305
